34483185-35e8-3a14-8ad5-7b0d4d049514:
  cave:
    world: world
    x: -577.114523057757
    y: 17.0
    z: 363.1630962531738
    yaw: 108.15301
    pitch: 22.499863
  spawn:
    world: world
    x: -410.9991176246163
    y: 73.0
    z: 153.35954385038147
    yaw: -41.3565
    pitch: 44.55001
  base:
    world: world
    x: -687.1386543824626
    y: 52.0
    z: 400.80650628517037
    yaw: -215.24574
    pitch: 78.149956
  darkoak:
    world: world
    x: -2371.322671654866
    y: 63.0
    z: -1831.7937408491482
    yaw: 153.15004
    pitch: 18.749937
